0, 0.;
1, -0.086;
2, 0.034;
3, -0.051;
4, 0.068;
5, -0.017;
6, -0.103;
7, 0.017;
8, -0.068;
9, 0.051;
10, -0.034;
11, -0.12;
12, 0;
13, 0;
14, 0;
15, 0;
16, 0;
17, 0;
18, 0;
19, 0;
20, 0;
21, 0;
22, 0;
23, 0;
24, 0;
25, -0.09775;
26, -0.0782;
27, -0.05865;
28, -0.09775;
29, -0.01955;
30, -0.1173;
31, -0.0391;
32, -0.0782;
33, -0.1173;
34, -0.0391;
35, -0.0782;
36, 0;
37, -0.23951;
38, -0.06843;
39, 0.10264;
40, -0.13686;
41, 0.03421;
42, -0.20529;
43, -0.03421;
44, -0.27372;
45, -0.10264;
46, 0.06843;
47, -0.17107;
48, 0;
49, 0.26316;
50, -0.10526;
51, 0.157895;
52, -0.210527;
53, 0.05263;
54, -0.31579;
55, -0.05263;
56, 0.210527;
57, -0.157895;
58, 0.10526;
59, -0.26316;
60, 0.;
61, 0.16129;
62, -0.06452;
63, -0.29032;
64, -0.12903;
65, 0.03226;
66, -0.19355;
67, -0.03645;
68, -0.25806;
69, -0.09097;
70, -0.32258;
71, -0.16129;
72, 0.;
73, 0.04955;
74, 0.0391;
75, -0.0209;
76, -0.13686;
77, -0.29219;
78, -0.48682;
79, 0.01955;
80, 0.40528;
81, 0.05865;
82, -0.31174;
83, -0.1173;